;DES_test_doc_1.txt;DES_test_doc_2.txt;DES_test_doc_3.txt;DES_test_doc_4.txt;DES_test_doc_5.txt;DES_test_doc_6.txt;DES_train_doc_1.txt;DES_train_doc_10.txt;DES_train_doc_11.txt;DES_train_doc_12.txt;DES_train_doc_13.txt;DES_train_doc_14.txt;DES_train_doc_15.txt;DES_train_doc_16.txt;DES_train_doc_17.txt;DES_train_doc_18.txt;DES_train_doc_2.txt;DES_train_doc_3.txt;DES_train_doc_4.txt;DES_train_doc_5.txt;DES_train_doc_6.txt;DES_train_doc_7.txt;DES_train_doc_8.txt;DES_train_doc_9.txt;DES_validation_doc_1.txt;DES_validation_doc_2.txt;DES_validation_doc_3.txt;DES_validation_doc_4.txt;DES_validation_doc_5.txt;DES_validation_doc_6.txt;ElGamal_test_doc_1.txt;ElGamal_test_doc_2.txt;ElGamal_test_doc_3.txt;ElGamal_test_doc_4.txt;ElGamal_test_doc_5.txt;ElGamal_test_doc_6.txt;ElGamal_train_doc_1.txt;ElGamal_train_doc_10.txt;ElGamal_train_doc_11.txt;ElGamal_train_doc_12.txt;ElGamal_train_doc_13.txt;ElGamal_train_doc_14.txt;ElGamal_train_doc_15.txt;ElGamal_train_doc_16.txt;ElGamal_train_doc_17.txt;ElGamal_train_doc_18.txt;ElGamal_train_doc_2.txt;ElGamal_train_doc_3.txt;ElGamal_train_doc_4.txt;ElGamal_train_doc_5.txt;ElGamal_train_doc_6.txt;ElGamal_train_doc_7.txt;ElGamal_train_doc_8.txt;ElGamal_train_doc_9.txt;ElGamal_validation_doc_1.txt;ElGamal_validation_doc_2.txt;ElGamal_validation_doc_3.txt;ElGamal_validation_doc_4.txt;ElGamal_validation_doc_5.txt;ElGamal_validation_doc_6.txt;RSA_test_doc_1.txt;RSA_test_doc_2.txt;RSA_test_doc_3.txt;RSA_test_doc_4.txt;RSA_test_doc_5.txt;RSA_test_doc_6.txt;RSA_train_doc_1.txt;RSA_train_doc_10.txt;RSA_train_doc_11.txt;RSA_train_doc_12.txt;RSA_train_doc_13.txt;RSA_train_doc_14.txt;RSA_train_doc_15.txt;RSA_train_doc_16.txt;RSA_train_doc_17.txt;RSA_train_doc_18.txt;RSA_train_doc_2.txt;RSA_train_doc_3.txt;RSA_train_doc_4.txt;RSA_train_doc_5.txt;RSA_train_doc_6.txt;RSA_train_doc_7.txt;RSA_train_doc_8.txt;RSA_train_doc_9.txt;RSA_validation_doc_1.txt;RSA_validation_doc_2.txt;RSA_validation_doc_3.txt;RSA_validation_doc_4.txt;RSA_validation_doc_5.txt;RSA_validation_doc_6.txt
DES_test_doc_1.txt;0.0;148.04053499;148.865711297;149.535948855;149.946657182;149.284962404;148.293627645;146.782151504;147.868184543;149.184449592;147.129194927;150.552316488;149.100637155;149.228013456;150.728232259;148.67414032;149.58943813;147.074810896;151.188623911;147.634684272;148.684229157;150.139934728;147.895233189;148.411589844;149.662954668;146.294224083;150.804509216;148.02364676;149.382060503;149.81989187;216.700253807;216.529443725;216.681794344;216.711790173;216.635638804;216.617173834;216.787914792;216.619482042;216.559460657;216.658717803;216.6402548;216.755622764;216.77176938;216.69794646;216.67487164;216.711790173;216.524825367;216.612557346;216.589473428;216.628714625;216.589473428;216.564078277;216.598707291;216.55715181;216.619482042;216.52251615;216.628714625;216.725633002;216.545607206;216.589473428;126.154666977;126.154666977;126.154666977;126.154666977;126.154666977;126.154666977;126.154666977;126.154666977;126.154666977;126.154666977;126.154666977;126.154666977;126.154666977;126.154666977;126.154666977;126.154666977;126.154666977;126.154666977;126.154666977;126.154666977;126.154666977;126.154666977;126.154666977;126.154666977;126.154666977;126.154666977;126.154666977;126.154666977;126.154666977;126.154666977
DES_test_doc_2.txt;148.04053499;0.0;146.679923643;147.461859476;147.837748901;148.310485132;145.426957611;144.37104973;144.972411168;147.722713216;144.27404479;149.090576496;147.020406747;147.509321739;148.630414115;146.109547943;147.956074563;144.689322343;148.741386305;144.734239211;146.618552714;147.912136081;145.708613335;146.294224083;146.160870277;143.791515744;150.066651858;146.181394165;148.02364676;146.901327428;219.155196151;219.082176363;219.082176363;219.079894103;219.104997661;219.086740813;219.232753027;219.130098343;219.0433747;219.082176363;219.104997661;219.200821166;219.216787678;219.10727966;219.152914651;219.162040509;219.045657341;219.031961138;219.027395547;219.139225152;219.02282986;219.029678354;219.114125515;219.077611818;219.102715638;219.015981152;219.079894103;219.0433747;219.06620004;219.068482443;120.461612143;120.461612143;120.461612143;120.461612143;120.461612143;120.461612143;120.461612143;120.461612143;120.461612143;120.461612143;120.461612143;120.461612143;120.461612143;120.461612143;120.461612143;120.461612143;120.461612143;120.461612143;120.461612143;120.461612143;120.461612143;120.461612143;120.461612143;120.461612143;120.461612143;120.461612143;120.461612143;120.461612143;120.461612143;120.461612143
DES_test_doc_3.txt;148.865711297;146.679923643;0.0;148.377895928;148.185694316;148.192442452;146.089013961;145.451022685;146.225852707;148.300370869;146.232691283;149.50250834;148.680866287;147.959453905;149.63956696;146.563979204;148.364416219;145.746355014;150.043327076;145.982875708;146.778745055;148.48232218;145.972600169;147.319380938;147.234506825;144.516435052;150.641959626;147.370281943;148.296999295;148.00337834;217.866931864;217.811845408;217.853161556;217.809549837;217.79348016;217.756745016;217.958711686;217.864636873;217.837095096;217.857751756;217.880701302;217.981650604;217.95182954;217.869226831;217.855456668;217.915121091;217.73837512;217.788888605;217.761337248;217.777409297;217.724596681;217.763633328;217.903648432;217.834799791;217.841685634;217.791184395;217.832504462;217.892175169;217.699333945;217.770521421;122.816936943;122.816936943;122.816936943;122.816936943;122.816936943;122.816936943;122.816936943;122.816936943;122.816936943;122.816936943;122.816936943;122.816936943;122.816936943;122.816936943;122.816936943;122.816936943;122.816936943;122.816936943;122.816936943;122.816936943;122.816936943;122.816936943;122.816936943;122.816936943;122.816936943;122.816936943;122.816936943;122.816936943;122.816936943;122.816936943
DES_test_doc_4.txt;149.535948855;147.461859476;148.377895928;0.0;148.704404777;149.809879514;148.20256408;146.437700064;147.688862139;149.415527975;147.288831892;150.986754386;149.392101532;149.284962404;149.773161815;148.650597039;149.057036063;147.417773691;150.322985601;147.881709484;148.270023943;149.596122944;147.830984574;148.72457766;148.7749979;146.693558141;151.786033613;148.553020838;149.351933365;149.080515159;216.591781931;216.527134558;216.559460657;216.534061986;216.568695799;216.490184535;216.614865603;216.56638705;216.552534042;216.614865603;216.582547773;216.7071757;216.6402548;216.617173834;216.589473428;216.571004523;216.47632665;216.47632665;216.457848091;216.543298211;216.494803633;216.497113145;216.508660335;216.471707158;216.552534042;216.413955188;216.547916176;216.589473428;216.510969699;216.517897644;125.976188226;125.976188226;125.976188226;125.976188226;125.976188226;125.976188226;125.976188226;125.976188226;125.976188226;125.976188226;125.976188226;125.976188226;125.976188226;125.976188226;125.976188226;125.976188226;125.976188226;125.976188226;125.976188226;125.976188226;125.976188226;125.976188226;125.976188226;125.976188226;125.976188226;125.976188226;125.976188226;125.976188226;125.976188226;125.976188226
DES_test_doc_5.txt;149.946657182;147.837748901;148.185694316;148.704404777;0.0;149.372018799;147.638070971;147.360103149;148.043912404;149.686338722;147.455077905;150.651916682;149.087222793;149.883287928;149.863271017;148.916083752;150.402792527;147.685476605;151.109232014;147.132593262;148.798521498;150.019998667;148.165448064;149.150930269;147.989864518;146.969384567;151.809090637;148.145199045;150.069983674;149.81989187;216.164289373;216.13190417;216.155036953;216.259103855;216.14115758;216.182793025;216.289158304;216.249855491;216.111082548;216.205920363;216.242918959;216.330765265;216.259103855;216.222108028;216.222108028;216.175854341;216.076375386;216.201295093;216.173541397;216.138844265;216.182793025;216.115709748;216.173541397;216.14115758;216.161976305;216.069433285;216.157350095;216.189731486;216.152723786;216.05786262;126.423890147;126.423890147;126.423890147;126.423890147;126.423890147;126.423890147;126.423890147;126.423890147;126.423890147;126.423890147;126.423890147;126.423890147;126.423890147;126.423890147;126.423890147;126.423890147;126.423890147;126.423890147;126.423890147;126.423890147;126.423890147;126.423890147;126.423890147;126.423890147;126.423890147;126.423890147;126.423890147;126.423890147;126.423890147;126.423890147
DES_test_doc_6.txt;149.284962404;148.310485132;148.192442452;149.809879514;149.372018799;0.0;147.36688909;146.160870277;147.332956259;149.365323954;147.319380938;150.0;148.212685017;149.348585531;149.963328851;148.270023943;148.731301346;146.816211639;150.173233301;147.173367156;148.468851952;150.079978678;147.705788648;147.770091697;148.408220797;146.36256352;151.433153569;148.401482472;149.789852794;149.40548852;217.050685325;216.930864563;216.90781452;216.970044015;216.940083894;216.912424725;217.041470692;216.979261682;216.86401269;216.92164484;216.976957302;217.064506541;217.020736336;217.016128433;216.988478957;216.993087448;216.880151236;216.852484422;216.875540345;216.942388666;216.829426047;216.827120075;216.958521381;216.86631827;216.956216781;216.845567167;216.942388666;216.979261682;216.840955541;216.80175276;124.85591696;124.85591696;124.85591696;124.85591696;124.85591696;124.85591696;124.85591696;124.85591696;124.85591696;124.85591696;124.85591696;124.85591696;124.85591696;124.85591696;124.85591696;124.85591696;124.85591696;124.85591696;124.85591696;124.85591696;124.85591696;124.85591696;124.85591696;124.85591696;124.85591696;124.85591696;124.85591696;124.85591696;124.85591696;124.85591696
DES_train_doc_1.txt;148.293627645;145.426957611;146.089013961;148.20256408;147.638070971;147.36688909;0.0;144.3537322;144.982757596;147.983107144;144.782595639;148.798521498;147.003401321;147.519490238;148.963082675;146.030818665;147.505932084;144.118007202;149.241415163;145.358178304;146.116391962;147.847894811;145.285924989;146.393305858;146.335231575;144.065957117;150.362894359;145.650266049;147.939176691;147.996621583;218.984017682;218.952049545;219.011415228;219.0;218.961183775;218.984017682;219.130098343;218.981734398;219.013698202;218.92464457;218.984017682;219.10727966;219.141506794;219.100433592;219.095869427;219.073047178;218.92007674;218.947482287;218.974884405;219.00913223;218.979451091;218.899520328;218.997716883;218.993150578;219.050222552;218.913224818;219.00913223;219.091305168;218.958900253;218.947482287;120.391029566;120.391029566;120.391029566;120.391029566;120.391029566;120.391029566;120.391029566;120.391029566;120.391029566;120.391029566;120.391029566;120.391029566;120.391029566;120.391029566;120.391029566;120.391029566;120.391029566;120.391029566;120.391029566;120.391029566;120.391029566;120.391029566;120.391029566;120.391029566;120.391029566;120.391029566;120.391029566;120.391029566;120.391029566;120.391029566
DES_train_doc_10.txt;146.782151504;144.37104973;145.451022685;146.437700064;147.360103149;146.160870277;144.3537322;0.0;142.492105044;146.461599063;143.317828619;147.237902729;144.575239927;146.232691283;146.819617218;144.37797616;146.581035608;143.059428211;147.922276889;143.488675511;144.754965373;146.788964163;144.013888219;144.474911317;144.547570025;142.298981022;148.825401058;144.263647535;146.792370374;146.598090028;220.698889893;220.649042599;220.658106581;220.660372518;220.635445928;220.621848419;220.780433916;220.705686379;220.556115309;220.658106581;220.649042599;220.775904482;220.764580492;220.714748035;220.664904323;220.796286201;220.590117639;220.603717104;220.585584298;220.610516522;220.549314213;220.551581268;220.644510469;220.626381016;220.560649255;220.537978589;220.6059836;220.719278723;220.601450585;220.522107735;116.627612511;116.627612511;116.627612511;116.627612511;116.627612511;116.627612511;116.627612511;116.627612511;116.627612511;116.627612511;116.627612511;116.627612511;116.627612511;116.627612511;116.627612511;116.627612511;116.627612511;116.627612511;116.627612511;116.627612511;116.627612511;116.627612511;116.627612511;116.627612511;116.627612511;116.627612511;116.627612511;116.627612511;116.627612511;116.627612511
DES_train_doc_11.txt;147.868184543;144.972411168;146.225852707;147.688862139;148.043912404;147.332956259;144.982757596;142.492105044;0.0;146.911538008;144.492214323;148.475587219;146.485494162;146.765118472;148.512625726;145.0;147.878328365;143.986110441;148.630414115;144.98620624;146.130079039;147.604200482;145.327216997;145.763507093;146.335231575;143.321317326;149.49581934;145.313454298;147.587262323;147.678705303;219.139225152;219.002283093;219.125534797;219.100433592;218.92007674;218.974884405;219.203102168;219.100433592;219.059352688;219.07532951;219.061635162;219.193978019;219.141506794;219.095869427;219.095869427;219.114125515;218.974884405;219.015981152;218.970317623;219.041092035;218.961183775;218.972601026;219.06620004;219.06620004;219.050222552;218.936063726;219.073047178;219.091305168;218.968034197;218.979451091;120.124934964;120.124934964;120.124934964;120.124934964;120.124934964;120.124934964;120.124934964;120.124934964;120.124934964;120.124934964;120.124934964;120.124934964;120.124934964;120.124934964;120.124934964;120.124934964;120.124934964;120.124934964;120.124934964;120.124934964;120.124934964;120.124934964;120.124934964;120.124934964;120.124934964;120.124934964;120.124934964;120.124934964;120.124934964;120.124934964
DES_train_doc_12.txt;149.184449592;147.722713216;148.300370869;149.415527975;149.686338722;149.365323954;147.983107144;146.461599063;146.911538008;0.0;147.203940165;150.459296821;148.953012725;149.916643506;150.223167321;148.263279338;149.789852794;147.224318643;151.228304229;147.078210487;148.509258971;150.332963784;147.61774961;148.344194359;148.973151944;146.376227578;151.69706655;148.34756486;149.989999667;149.53260514;216.760236206;216.672564022;216.764849549;216.734861063;216.709482949;216.667948714;216.893983319;216.744088731;216.702561129;216.709482949;216.723325925;216.875540345;216.785608378;216.827120075;216.739474946;216.739474946;216.607940759;216.681794344;216.695639089;216.661025568;216.667948714;216.647178611;216.732554085;216.714097373;216.69794646;216.651794361;216.725633002;216.725633002;216.656410014;216.658717803;125.558751188;125.558751188;125.558751188;125.558751188;125.558751188;125.558751188;125.558751188;125.558751188;125.558751188;125.558751188;125.558751188;125.558751188;125.558751188;125.558751188;125.558751188;125.558751188;125.558751188;125.558751188;125.558751188;125.558751188;125.558751188;125.558751188;125.558751188;125.558751188;125.558751188;125.558751188;125.558751188;125.558751188;125.558751188;125.558751188
DES_train_doc_13.txt;147.129194927;144.27404479;146.232691283;147.288831892;147.455077905;147.319380938;144.782595639;143.317828619;144.492214323;147.203940165;0.0;148.34756486;145.835523793;146.587857614;148.148574073;145.137865493;147.078210487;143.422452914;149.228013456;144.779142144;144.927568116;147.922276889;144.228984604;146.003424617;146.287388383;143.01398533;150.063319969;145.251506016;147.587262323;147.387245038;219.617849912;219.617849912;219.608742995;219.579142908;219.590528029;219.581419979;219.713449748;219.583697027;219.565479983;219.608742995;219.554093562;219.754408374;219.692967571;219.733930015;219.647444784;219.679311725;219.53131895;219.563202746;219.563202746;219.629233027;219.522208444;219.497152601;219.613296501;219.572311551;219.533596518;219.542706552;219.642891986;219.61101976;219.519930758;219.563202746;119.138574777;119.138574777;119.138574777;119.138574777;119.138574777;119.138574777;119.138574777;119.138574777;119.138574777;119.138574777;119.138574777;119.138574777;119.138574777;119.138574777;119.138574777;119.138574777;119.138574777;119.138574777;119.138574777;119.138574777;119.138574777;119.138574777;119.138574777;119.138574777;119.138574777;119.138574777;119.138574777;119.138574777;119.138574777;119.138574777
DES_train_doc_14.txt;150.552316488;149.090576496;149.50250834;150.986754386;150.651916682;150.0;148.798521498;147.237902729;148.475587219;150.459296821;148.34756486;0.0;149.100637155;150.089973016;151.568466377;149.425566755;150.203195705;148.212685017;151.749794069;148.842198318;149.903302165;150.039994668;148.845557542;149.157634736;149.596122944;147.688862139;152.262930485;148.872428609;150.475911694;149.70637929;215.464614264;215.473896331;215.441407348;215.504060287;215.478537214;215.436765665;215.608441393;215.527260457;215.494779519;215.459973081;215.487818681;215.636267822;215.587569215;215.55045813;215.504060287;215.601484225;215.376414679;215.432123881;215.459973081;215.480857618;215.408913465;215.494779519;215.506380416;215.436765665;215.471575852;215.462293685;215.504060287;215.517980688;215.388021951;215.446048931;127.691033358;127.691033358;127.691033358;127.691033358;127.691033358;127.691033358;127.691033358;127.691033358;127.691033358;127.691033358;127.691033358;127.691033358;127.691033358;127.691033358;127.691033358;127.691033358;127.691033358;127.691033358;127.691033358;127.691033358;127.691033358;127.691033358;127.691033358;127.691033358;127.691033358;127.691033358;127.691033358;127.691033358;127.691033358;127.691033358
DES_train_doc_15.txt;149.100637155;147.020406747;148.680866287;149.392101532;149.087222793;148.212685017;147.003401321;144.575239927;146.485494162;148.953012725;145.835523793;149.100637155;0.0;148.472219624;149.686338722;147.407598176;149.016777579;145.904078079;150.269757436;146.591268499;147.776858811;148.744747806;146.955775661;147.57032222;147.458468729;145.199862259;151.119158282;148.12157169;148.647233408;148.72457766;217.784296955;217.724596681;217.761337248;217.703927388;217.742967739;217.71081737;217.935770354;217.7957759;217.717707135;217.775113362;217.73837512;217.89446987;217.942653008;217.855456668;217.855456668;217.818731977;217.674068276;217.678662252;217.742967739;217.73148601;217.701630678;217.644205069;217.752152687;217.747560262;217.694740405;217.635015565;217.786592792;217.7957759;217.644205069;217.660285767;123.077211538;123.077211538;123.077211538;123.077211538;123.077211538;123.077211538;123.077211538;123.077211538;123.077211538;123.077211538;123.077211538;123.077211538;123.077211538;123.077211538;123.077211538;123.077211538;123.077211538;123.077211538;123.077211538;123.077211538;123.077211538;123.077211538;123.077211538;123.077211538;123.077211538;123.077211538;123.077211538;123.077211538;123.077211538;123.077211538
DES_train_doc_16.txt;149.228013456;147.509321739;147.959453905;149.284962404;149.883287928;149.348585531;147.519490238;146.232691283;146.765118472;149.916643506;146.587857614;150.089973016;148.472219624;0.0;149.479095528;147.699018277;149.53260514;146.232691283;149.983332407;147.651616991;147.49915254;149.549322967;147.404206182;149.0;148.249789207;145.619366844;151.647617851;147.553380171;149.552666309;149.355281125;216.993087448;216.988478957;216.970044015;217.013824444;216.946998135;216.905509381;217.062203066;216.949302834;216.953912156;217.006912332;216.923949807;217.02995185;217.059899567;217.073720197;216.976957302;217.082933461;216.86401269;216.974652898;216.988478957;216.949302834;216.919339848;216.852484422;216.928559669;216.960825957;216.944693413;216.889372723;216.963130508;217.055292495;216.917034831;216.887067388;125.155902777;125.155902777;125.155902777;125.155902777;125.155902777;125.155902777;125.155902777;125.155902777;125.155902777;125.155902777;125.155902777;125.155902777;125.155902777;125.155902777;125.155902777;125.155902777;125.155902777;125.155902777;125.155902777;125.155902777;125.155902777;125.155902777;125.155902777;125.155902777;125.155902777;125.155902777;125.155902777;125.155902777;125.155902777;125.155902777
DES_train_doc_17.txt;150.728232259;148.630414115;149.63956696;149.773161815;149.863271017;149.963328851;148.963082675;146.819617218;148.512625726;150.223167321;148.148574073;151.568466377;149.686338722;149.479095528;0.0;148.758193052;150.213181845;147.49915254;151.58166116;147.421165373;148.761554173;150.016665741;148.848916691;148.697679874;149.786514747;147.475421681;153.104539449;149.311754393;150.03332963;149.629542538;216.00462958;215.85643377;215.967590161;215.983795688;216.00462958;215.898124123;216.060176803;215.881912165;215.886544277;215.935175458;215.930544389;216.046291336;216.034719432;215.923597599;215.909703348;216.034719432;215.865698989;215.893492259;215.939806428;215.849484595;215.819368918;215.812418549;215.898124123;215.92591322;215.937490955;215.84021868;215.877279953;215.923597599;215.863382722;215.85643377;127.003936947;127.003936947;127.003936947;127.003936947;127.003936947;127.003936947;127.003936947;127.003936947;127.003936947;127.003936947;127.003936947;127.003936947;127.003936947;127.003936947;127.003936947;127.003936947;127.003936947;127.003936947;127.003936947;127.003936947;127.003936947;127.003936947;127.003936947;127.003936947;127.003936947;127.003936947;127.003936947;127.003936947;127.003936947;127.003936947
DES_train_doc_18.txt;148.67414032;146.109547943;146.563979204;148.650597039;148.916083752;148.270023943;146.030818665;144.37797616;145.0;148.263279338;145.137865493;149.425566755;147.407598176;147.699018277;148.758193052;0.0;148.239670804;144.737693777;149.525917486;145.285924989;146.516210707;148.593404968;145.220521966;146.887712216;147.258276508;144.284441296;151.062900806;145.6262339;147.989864518;147.878328365;218.625250143;218.529174254;218.520021966;218.554341069;218.533750254;218.542901967;218.689277286;218.568067201;218.531462266;218.552053296;218.510869295;218.680131699;218.682418132;218.650405899;218.558916542;218.590942173;218.506292816;218.547477679;218.483408981;218.577217477;218.41932149;218.490274383;218.606953229;218.492562802;218.508581067;218.481120466;218.590942173;218.563491919;218.499427917;218.510869295;121.222935124;121.222935124;121.222935124;121.222935124;121.222935124;121.222935124;121.222935124;121.222935124;121.222935124;121.222935124;121.222935124;121.222935124;121.222935124;121.222935124;121.222935124;121.222935124;121.222935124;121.222935124;121.222935124;121.222935124;121.222935124;121.222935124;121.222935124;121.222935124;121.222935124;121.222935124;121.222935124;121.222935124;121.222935124;121.222935124
DES_train_doc_2.txt;149.58943813;147.956074563;148.364416219;149.057036063;150.402792527;148.731301346;147.505932084;146.581035608;147.878328365;149.789852794;147.078210487;150.203195705;149.016777579;149.53260514;150.213181845;148.239670804;0.0;146.914941378;151.092686785;147.746404356;148.862352527;149.916643506;147.905375156;149.134167782;148.553020838;146.249786325;151.542073366;148.71449156;149.966662962;149.58943813;216.776382477;216.711790173;216.734861063;216.751009225;216.753316007;216.753316007;216.854790125;216.667948714;216.691024272;216.767156184;216.77176938;216.854790125;216.834037918;216.852484422;216.741781851;216.741781851;216.624098382;216.711790173;216.744088731;216.778688989;216.670256381;216.672564022;216.739474946;216.7071757;216.695639089;216.649486498;216.774075941;216.769462794;216.663333308;216.656410014;125.506971918;125.506971918;125.506971918;125.506971918;125.506971918;125.506971918;125.506971918;125.506971918;125.506971918;125.506971918;125.506971918;125.506971918;125.506971918;125.506971918;125.506971918;125.506971918;125.506971918;125.506971918;125.506971918;125.506971918;125.506971918;125.506971918;125.506971918;125.506971918;125.506971918;125.506971918;125.506971918;125.506971918;125.506971918;125.506971918
DES_train_doc_3.txt;147.074810896;144.689322343;145.746355014;147.417773691;147.685476605;146.816211639;144.118007202;143.059428211;143.986110441;147.224318643;143.422452914;148.212685017;145.904078079;146.232691283;147.49915254;144.737693777;146.914941378;0.0;148.677503342;144.190845757;145.629667307;147.129194927;144.899965493;145.715476186;145.958898324;142.769044264;149.929983659;145.595329595;147.180161707;147.122398023;220.081802973;219.940901153;220.004545408;219.961360243;219.977271553;219.940901153;220.104520626;219.961360243;219.911345774;220.004545408;220.018181067;220.113607031;220.088618515;220.006818076;219.956813943;220.056810847;219.904524737;219.98181743;219.895429693;219.915893014;219.859045754;219.893155873;219.977271553;219.959087105;219.952267549;219.888608163;219.970452561;219.965906449;219.92044016;219.863594076;118.186293622;118.186293622;118.186293622;118.186293622;118.186293622;118.186293622;118.186293622;118.186293622;118.186293622;118.186293622;118.186293622;118.186293622;118.186293622;118.186293622;118.186293622;118.186293622;118.186293622;118.186293622;118.186293622;118.186293622;118.186293622;118.186293622;118.186293622;118.186293622;118.186293622;118.186293622;118.186293622;118.186293622;118.186293622;118.186293622
DES_train_doc_4.txt;151.188623911;148.741386305;150.043327076;150.322985601;151.109232014;150.173233301;149.241415163;147.922276889;148.630414115;151.228304229;149.228013456;151.749794069;150.269757436;149.983332407;151.58166116;149.525917486;151.092686785;148.677503342;0.0;149.003355667;149.809879514;151.446360141;149.207908638;149.505852728;149.876615921;147.478812038;152.518851294;149.50250834;151.125775432;150.685102117;215.158081419;215.004651112;215.07440573;215.07208094;215.060456616;214.990697473;215.209200547;215.062781531;214.969765316;215.051156705;215.083704636;215.172024204;215.165052924;215.160405279;215.118571955;215.123220504;215.051156705;215.013953036;215.037206083;215.067431286;215.018603846;215.016278454;215.083704636;215.027905166;215.099976755;214.979068749;215.095327704;215.039531249;215.0860293;215.032555675;128.790527602;128.790527602;128.790527602;128.790527602;128.790527602;128.790527602;128.790527602;128.790527602;128.790527602;128.790527602;128.790527602;128.790527602;128.790527602;128.790527602;128.790527602;128.790527602;128.790527602;128.790527602;128.790527602;128.790527602;128.790527602;128.790527602;128.790527602;128.790527602;128.790527602;128.790527602;128.790527602;128.790527602;128.790527602;128.790527602
DES_train_doc_5.txt;147.634684272;144.734239211;145.982875708;147.881709484;147.132593262;147.173367156;145.358178304;143.488675511;144.98620624;147.078210487;144.779142144;148.842198318;146.591268499;147.651616991;147.421165373;145.285924989;147.746404356;144.190845757;149.003355667;0.0;145.729200917;147.817454991;144.537192445;146.116391962;145.475083777;143.568798839;150.372869893;146.324980779;148.091188124;147.505932084;219.456145961;219.355875235;219.351316385;219.431082575;219.47437208;219.33308004;219.592804982;219.399179579;219.376388884;219.442475378;219.383226341;219.501708422;219.549538829;219.481206485;219.426525288;219.45386759;219.282922272;219.342198402;219.41968918;219.408295194;219.342198402;219.294322772;219.433361183;219.342198402;219.380947213;219.344477934;219.376388884;219.421967907;219.321681555;219.33308004;119.511505722;119.511505722;119.511505722;119.511505722;119.511505722;119.511505722;119.511505722;119.511505722;119.511505722;119.511505722;119.511505722;119.511505722;119.511505722;119.511505722;119.511505722;119.511505722;119.511505722;119.511505722;119.511505722;119.511505722;119.511505722;119.511505722;119.511505722;119.511505722;119.511505722;119.511505722;119.511505722;119.511505722;119.511505722;119.511505722
DES_train_doc_6.txt;148.684229157;146.618552714;146.778745055;148.270023943;148.798521498;148.468851952;146.116391962;144.754965373;146.130079039;148.509258971;144.927568116;149.903302165;147.776858811;147.49915254;148.761554173;146.516210707;148.862352527;145.629667307;149.809879514;145.729200917;0.0;148.664050799;145.615933194;147.278647468;147.519490238;145.0;150.714962761;146.676514821;148.465484204;148.037157498;217.981650604;217.857751756;217.954123613;217.956417662;217.89446987;217.903648432;218.050452877;217.965593615;217.961005687;217.880701302;217.912826607;218.027521199;218.043573627;217.979356821;217.974769182;218.038987339;217.830209108;217.89446987;217.871521774;217.956417662;217.908237568;217.846276076;217.944947177;217.908237568;217.887585695;217.832504462;217.947241322;217.961005687;217.855456668;217.866931864;122.963409192;122.963409192;122.963409192;122.963409192;122.963409192;122.963409192;122.963409192;122.963409192;122.963409192;122.963409192;122.963409192;122.963409192;122.963409192;122.963409192;122.963409192;122.963409192;122.963409192;122.963409192;122.963409192;122.963409192;122.963409192;122.963409192;122.963409192;122.963409192;122.963409192;122.963409192;122.963409192;122.963409192;122.963409192;122.963409192
DES_train_doc_7.txt;150.139934728;147.912136081;148.48232218;149.596122944;150.019998667;150.079978678;147.847894811;146.788964163;147.604200482;150.332963784;147.922276889;150.039994668;148.744747806;149.549322967;150.016665741;148.593404968;149.916643506;147.129194927;151.446360141;147.817454991;148.664050799;0.0;148.178945873;148.553020838;148.25990692;146.894519979;151.921032119;148.509258971;150.436032918;149.51254128;216.612557346;216.571004523;216.547916176;216.619482042;216.552534042;216.45553816;216.695639089;216.540989191;216.540989191;216.631022709;216.510969699;216.714097373;216.601015695;216.610249065;216.550225121;216.568695799;216.409334364;216.538680147;216.464777735;216.545607206;216.497113145;216.52251615;216.547916176;216.515588353;216.587164901;216.485565339;216.508660335;216.550225121;216.504041533;216.547916176;125.988094676;125.988094676;125.988094676;125.988094676;125.988094676;125.988094676;125.988094676;125.988094676;125.988094676;125.988094676;125.988094676;125.988094676;125.988094676;125.988094676;125.988094676;125.988094676;125.988094676;125.988094676;125.988094676;125.988094676;125.988094676;125.988094676;125.988094676;125.988094676;125.988094676;125.988094676;125.988094676;125.988094676;125.988094676;125.988094676
DES_train_doc_8.txt;147.895233189;145.708613335;145.972600169;147.830984574;148.165448064;147.705788648;145.285924989;144.013888219;145.327216997;147.61774961;144.228984604;148.845557542;146.955775661;147.404206182;148.848916691;145.220521966;147.905375156;144.899965493;149.207908638;144.537192445;145.615933194;148.178945873;0.0;145.893796989;146.307894524;143.579246411;150.509135935;146.437700064;147.62791064;148.084435374;219.403737434;219.253278197;219.344477934;219.269240889;219.30800259;219.2806421;219.476650239;219.30572268;219.287482543;219.32624102;219.371830461;219.490318693;219.396900616;219.383226341;219.410574039;219.387784528;219.239594964;219.285202419;219.248717214;219.310282477;219.289762643;219.264680238;219.390063585;219.276081687;219.328520717;219.232753027;219.301162788;219.374109685;219.255558652;219.30800259;120.174872582;120.174872582;120.174872582;120.174872582;120.174872582;120.174872582;120.174872582;120.174872582;120.174872582;120.174872582;120.174872582;120.174872582;120.174872582;120.174872582;120.174872582;120.174872582;120.174872582;120.174872582;120.174872582;120.174872582;120.174872582;120.174872582;120.174872582;120.174872582;120.174872582;120.174872582;120.174872582;120.174872582;120.174872582;120.174872582
DES_train_doc_9.txt;148.411589844;146.294224083;147.319380938;148.72457766;149.150930269;147.770091697;146.393305858;144.474911317;145.763507093;148.344194359;146.003424617;149.157634736;147.57032222;149.0;148.697679874;146.887712216;149.134167782;145.715476186;149.505852728;146.116391962;147.278647468;148.553020838;145.893796989;0.0;147.326168755;144.817126059;150.392818978;146.734454032;148.912726118;148.620321625;218.245274863;218.176534027;218.107771526;218.210907152;218.231528428;218.153615601;218.323154979;218.105479069;218.187992337;218.167366946;218.167366946;218.259020432;218.178825737;218.256729564;218.224654886;218.178825737;218.135279127;218.126110312;218.071089326;218.096309001;218.107771526;218.082553177;218.199450045;218.153615601;218.142155486;218.110063959;218.137571271;218.151323627;218.123818048;218.061917812;122.633600616;122.633600616;122.633600616;122.633600616;122.633600616;122.633600616;122.633600616;122.633600616;122.633600616;122.633600616;122.633600616;122.633600616;122.633600616;122.633600616;122.633600616;122.633600616;122.633600616;122.633600616;122.633600616;122.633600616;122.633600616;122.633600616;122.633600616;122.633600616;122.633600616;122.633600616;122.633600616;122.633600616;122.633600616;122.633600616
DES_validation_doc_1.txt;149.662954668;146.160870277;147.234506825;148.7749979;147.989864518;148.408220797;146.335231575;144.547570025;146.335231575;148.973151944;146.287388383;149.596122944;147.458468729;148.249789207;149.786514747;147.258276508;148.553020838;145.958898324;149.876615921;145.475083777;147.519490238;148.25990692;146.307894524;147.326168755;0.0;144.530273645;150.48920227;147.200543477;148.606863906;148.185694316;218.119233448;218.059624874;218.064210727;218.075674939;218.050452877;218.059624874;218.229237271;218.144447557;218.034400955;218.036694159;218.119233448;218.174242293;218.176534027;218.12152576;218.098601554;218.190283927;217.940358814;218.041280495;218.041280495;218.034400955;217.967887543;217.970181447;218.055038924;218.055038924;218.020641225;217.988531808;218.038987339;218.094016424;218.016054455;217.963299663;122.384639559;122.384639559;122.384639559;122.384639559;122.384639559;122.384639559;122.384639559;122.384639559;122.384639559;122.384639559;122.384639559;122.384639559;122.384639559;122.384639559;122.384639559;122.384639559;122.384639559;122.384639559;122.384639559;122.384639559;122.384639559;122.384639559;122.384639559;122.384639559;122.384639559;122.384639559;122.384639559;122.384639559;122.384639559;122.384639559
DES_validation_doc_2.txt;146.294224083;143.791515744;144.516435052;146.693558141;146.969384567;146.36256352;144.065957117;142.298981022;143.321317326;146.376227578;143.01398533;147.688862139;145.199862259;145.619366844;147.475421681;144.284441296;146.249786325;142.769044264;147.478812038;143.568798839;145.0;146.894519979;143.579246411;144.817126059;144.530273645;0.0;148.989932546;144.287906631;146.037666374;146.690149635;220.773639731;220.687561951;220.710217253;220.780433916;220.769110158;220.673967654;220.87326683;220.721544032;220.753255922;220.764580492;220.696624351;220.900430058;220.85742007;220.762315625;220.812137348;220.861947832;220.646776546;220.687561951;220.719278723;220.712482656;220.692093198;220.676233428;220.74193077;220.705686379;220.775904482;220.649042599;220.73966567;220.803079689;220.721544032;220.628647279;116.124932723;116.124932723;116.124932723;116.124932723;116.124932723;116.124932723;116.124932723;116.124932723;116.124932723;116.124932723;116.124932723;116.124932723;116.124932723;116.124932723;116.124932723;116.124932723;116.124932723;116.124932723;116.124932723;116.124932723;116.124932723;116.124932723;116.124932723;116.124932723;116.124932723;116.124932723;116.124932723;116.124932723;116.124932723;116.124932723
DES_validation_doc_3.txt;150.804509216;150.066651858;150.641959626;151.786033613;151.809090637;151.433153569;150.362894359;148.825401058;149.49581934;151.69706655;150.063319969;152.262930485;151.119158282;151.647617851;153.104539449;151.062900806;151.542073366;149.929983659;152.518851294;150.372869893;150.714962761;151.921032119;150.509135935;150.392818978;150.48920227;148.989932546;0.0;150.469265965;151.706954356;151.657508881;214.226515632;214.147145673;214.142475936;214.205508799;214.151815309;214.128466113;214.282523786;214.158819571;214.158819571;214.235851341;214.109784924;214.217179516;214.275523567;214.214845424;214.196171768;214.247520406;214.109784924;214.137806097;214.133136156;214.149480504;214.123795969;214.154150088;214.142475936;214.198506064;214.168158231;214.093437545;214.224181642;214.191503099;214.149480504;214.053731572;130.724901989;130.724901989;130.724901989;130.724901989;130.724901989;130.724901989;130.724901989;130.724901989;130.724901989;130.724901989;130.724901989;130.724901989;130.724901989;130.724901989;130.724901989;130.724901989;130.724901989;130.724901989;130.724901989;130.724901989;130.724901989;130.724901989;130.724901989;130.724901989;130.724901989;130.724901989;130.724901989;130.724901989;130.724901989;130.724901989
DES_validation_doc_4.txt;148.02364676;146.181394165;147.370281943;148.553020838;148.145199045;148.401482472;145.650266049;144.263647535;145.313454298;148.34756486;145.251506016;148.872428609;148.12157169;147.553380171;149.311754393;145.6262339;148.71449156;145.595329595;149.50250834;146.324980779;146.676514821;148.509258971;146.437700064;146.734454032;147.200543477;144.287906631;150.469265965;0.0;147.641457592;147.739635846;218.636684936;218.563491919;218.522310074;218.547477679;218.540614074;218.526886218;218.700708732;218.556628817;218.506292816;218.540614074;218.517733834;218.686990925;218.675558762;218.661839378;218.556628817;218.675558762;218.407875316;218.5497655;218.517733834;218.584079933;218.494851198;218.506292816;218.540614074;218.494851198;218.492562802;218.44678986;218.533750254;218.574929944;218.542901967;218.563491919;121.647030379;121.647030379;121.647030379;121.647030379;121.647030379;121.647030379;121.647030379;121.647030379;121.647030379;121.647030379;121.647030379;121.647030379;121.647030379;121.647030379;121.647030379;121.647030379;121.647030379;121.647030379;121.647030379;121.647030379;121.647030379;121.647030379;121.647030379;121.647030379;121.647030379;121.647030379;121.647030379;121.647030379;121.647030379;121.647030379
DES_validation_doc_5.txt;149.382060503;148.02364676;148.296999295;149.351933365;150.069983674;149.789852794;147.939176691;146.792370374;147.587262323;149.989999667;147.587262323;150.475911694;148.647233408;149.552666309;150.03332963;147.989864518;149.966662962;147.180161707;151.125775432;148.091188124;148.465484204;150.436032918;147.62791064;148.912726118;148.606863906;146.037666374;151.706954356;147.641457592;0.0;149.562695884;216.499422632;216.36080976;216.416265562;216.367742513;216.388539438;216.370053381;216.480946044;216.427817066;216.30302818;216.383918072;216.434747672;216.527134558;216.497113145;216.469397375;216.483255704;216.515588353;216.30533974;216.388539438;216.342321334;216.432437495;216.351565744;216.381607351;216.388539438;216.402402944;216.437057825;216.335387766;216.423196539;216.437057825;216.363120702;216.416265562;126.269552941;126.269552941;126.269552941;126.269552941;126.269552941;126.269552941;126.269552941;126.269552941;126.269552941;126.269552941;126.269552941;126.269552941;126.269552941;126.269552941;126.269552941;126.269552941;126.269552941;126.269552941;126.269552941;126.269552941;126.269552941;126.269552941;126.269552941;126.269552941;126.269552941;126.269552941;126.269552941;126.269552941;126.269552941;126.269552941
DES_validation_doc_6.txt;149.81989187;146.901327428;148.00337834;149.080515159;149.81989187;149.40548852;147.996621583;146.598090028;147.678705303;149.53260514;147.387245038;149.70637929;148.72457766;149.355281125;149.629542538;147.878328365;149.58943813;147.122398023;150.685102117;147.505932084;148.037157498;149.51254128;148.084435374;148.620321625;148.185694316;146.690149635;151.657508881;147.739635846;149.562695884;0.0;216.92164484;216.810977582;216.824814078;216.937779098;216.838649691;216.797140203;217.046078057;216.780995477;216.850178695;216.852484422;216.880151236;216.967739537;216.933169432;216.951607507;216.891678033;216.868623826;216.847872943;216.829426047;216.810977582;216.794833887;216.810977582;216.780995477;216.810977582;216.92164484;216.822508057;216.739474946;216.840955541;216.887067388;216.86401269;216.727940054;125.518922876;125.518922876;125.518922876;125.518922876;125.518922876;125.518922876;125.518922876;125.518922876;125.518922876;125.518922876;125.518922876;125.518922876;125.518922876;125.518922876;125.518922876;125.518922876;125.518922876;125.518922876;125.518922876;125.518922876;125.518922876;125.518922876;125.518922876;125.518922876;125.518922876;125.518922876;125.518922876;125.518922876;125.518922876;125.518922876
